0 -0.0011043 0.995026 0.0699696 0.998995 0.0740384 0.926134 0.00296442 0.922165
0 0.919618 0.855501 1.04269 0.355782 0.530513 0.229635 0.407436 0.729355
0 0.746351 0.462349 0.773877 0.369637 0.592232 0.315707 0.564706 0.408418
0 0.417837 0.187535 0.446466 0.0583062 0.311467 0.0283992 0.282838 0.157628
0 0.781871 0.948094 0.795649 0.855578 0.695402 0.84065 0.681625 0.933165
0 0.117379 0.57458 0.136893 0.535316 0.0115353 0.473016 -0.00797789 0.51228
0 0.709625 0.282336 0.777451 0.295697 0.799859 0.181944 0.732034 0.168583
0 -0.0137856 0.542768 0.0927585 0.544727 0.0984811 0.233488 -0.00806301 0.231529
0 0.970909 0.304403 0.999981 0.304543 1.00063 0.169489 0.971557 0.169349
0 0.973557 0.298594 1.00318 0.29929 1.00489 0.226614 0.975264 0.225918
0 0.673281 0.938051 0.795771 0.959788 0.829618 0.769058 0.707128 0.747321
