0 0.449826 0.0379174 0.453063 -0.0040726 0.391053 -0.00885201 0.387817 0.033138
0 0.377226 0.176985 0.416583 0.188748 0.442746 0.101217 0.403389 0.0894534
0 0.334941 0.070045 0.344664 0.0347435 0.267744 0.0135569 0.258021 0.0488584
0 0.326904 0.338637 0.36168 0.351066 0.391583 0.267399 0.356807 0.25497
0 0.240646 0.063125 0.281807 0.0818799 0.312986 0.0134507 0.271825 -0.00530421
0 0.356777 0.260196 0.389218 0.26987 0.413486 0.188491 0.381045 0.178817
0 0.278893 0.189835 0.320076 0.204737 0.37346 0.0571982 0.332276 0.0422968
0 -0.0117177 0.352298 0.165262 0.355306 0.171168 0.0077865 -0.00581162 0.00477872
0 0.466217 0.636345 0.475681 0.603889 0.421505 0.588092 0.412041 0.620548
0 0.368157 0.687283 1.03047 0.720904 1.0651 0.0387314 0.402786 0.00511093
0 0.168633 0.429737 0.200763 0.434102 0.20715 0.387099 0.17502 0.382733
0 0.271853 0.435145 0.279204 0.390259 0.197389 0.37686 0.190038 0.421746
0 0.670348 0.736445 0.676995 1.00194 0.993598 0.994012 0.986951 0.728518
0 0.850649 0.105924 0.902128 0.032768 0.777469 -0.0549539 0.72599 0.0182022
0 0.231621 0.162329 0.258982 0.171786 0.291919 0.0764897 0.264558 0.0670328
